3x3 - theme = medicine
(0,0,0) --> 30 min + 
(1,0,0) --> [5.354826700000558, 39.13378879998345, 9.937540000013541, 10.768635800021002, 11.859138100000564] 15.410785880003823
(0,1,0) --> 30 min + 
(0,2,0) --> 30 min + 
(0,0,1) --> 30 min + 

(1, 2, 0)--> [8.838914299965836, 5.536587000009604, 34.318450600025244, 28.475072200002614, 15.801300999999512]
18.594065020000563
(1,2,1) --> [73.53008840000257, 5.5255865000071935, 10.160941699985415, 16.930104099970777, 5.047398200025782]
22.23882377999835
(1,0,1) --> [3.6260087999980897, 8.294720800011419, 28.213850600004662, 26.481885600020178, 14.074665600026492]
16.13822628001217
(1,1,0) --> [5.362468799983617, 96.64066849998198, 27.143413299985696, 72.17240069998661, 22.98618369997712]
44.861026999983004
(1,1,1) --> [36.04998850001721, 96.68747120001353, 12.998421999975108, 190.60168610000983, 63.79567339998903]
80.02664824000094